iter: 50
status: solved
obj_val: 1.7714335204700553
x: 1.4538313988396623 -0.21030488809583592 0.3138620574778167 -0.2829706551814501 0.5872657690187056 -0.2226233604457154 -0.33917001815945236 -0.05812303227092683 -0.4468193497917383 0.9087653897495546 -0.10131359099200744 -3.17662046489766e-07 4.897055324549591e-07 -4.2959663008192517e-07 9.108380020089958e-07 -3.366362213991822e-07 -5.161533365040902e-07 -8.325654528560627e-08 -6.81965879137296e-07 1.406044765096493e-06 -1.4978727341144988e-07 3.302042693068475e-07 -4.771633093991383e-07 4.4213885181507273e-07 -8.982957772111691e-07 3.4917844288358567e-07 5.286955580988728e-07 9.579876793597552e-08 6.945080984406847e-07 -1.3935025481437644e-06 1.6232949590215784e-07
y: -0.42060977562546276 0.6277241177864511 -0.5659413062850899 1.1745315364918316 -0.44524672029206164 -0.6783400354057256 -0.11624606411283933 -0.8936386983805147 1.817530777052413 -0.2026271795346863 -2.4206097761772174 -1.37227588502846 -2.5659413103486464 -0.8254684619459267 -2.44524672087701 -2.678340036304807 -2.1162460645269783 -2.8936386995696775 -0.18246922048333883 -2.2026271819692584 -1.5793902237927093 -2.627724114941466 -1.4340586896212804 -3.1745315380240005 -1.5547532790929166 -1.321659963665119 -1.8837539354429487 -1.1063613004002493 -3.8175307794865883 -1.7973728180006687
pri_res: 1.406044765096493e-06
dua_res: 7.485585558834432e-09
solve_time: 5.2512e-05
rho_estimate: 8.5252564414137
rho_updates: 1
