iter: 50
status: solved
obj_val: 1.0640332167900584
x: 0.5242547174531617 0.914172398800015 0.3306665143144575 0.8164754019636269 0.3128949092518305 0.1861597200486265 -0.39433742265502325 8.140747779122906e-08 1.9199907785563905e-07 7.735774328791454e-08 4.850887062968738e-08 -8.36516879166044e-08 -6.914957478174347e-08 -1.7974117761045265e-07 -6.509984306662338e-08 -3.625096880761382e-08 9.59095917175581e-08
y: 0.6613330290696442 1.6329508026020254 0.6257898183937172 0.37231943959575803 -0.7886748407401655 -1.338666971355808 -0.367049196057129 -1.3742101814810739 -1.6276805598875703 -2.788674845295275 -2.6613330286141 -3.632950803912779 -2.625789818488834 -2.3723194400823373 -1.2113251546746324
pri_res: 1.9199907785563905e-07
dua_res: 4.585201995865873e-09
solve_time: 4.0692e-05
rho_estimate: 4.641851983270985
rho_updates: 1
