iter: 50
status: solved
obj_val: 4.1860678847867273e-07
x: 0.033277636157995706 -1.5443694333704778 0.19519611088229566 0.4664083866188431 -0.5936112431378647 -0.23122672795854102 -0.20583423295431427 -0.13043906004911549 0.44559913219436326 -0.12585569082729817 -0.2549154795222678 0.037154110255453926 0.5672165323193067 -0.17459702992557086 0.11886511804256417 0.571504012420237 -0.3346559613172343 0.3125910615150443 -0.15513188670426495 -0.29878241299965724 -0.21612233140956938 0.3590122767421521 -0.21651918807344447 0.36549114165178015 -0.1275059158570983 -0.11030388611348571 0.020680850324946348 0.49012873846775784 0.19823758233680025 -0.12659252052079614 -0.27662067305021776 -0.02278777409423547 0.2225905223641178 0.2004138044980984 -0.21345215632507936 0.12793789542249484 0.24152776307885834 -0.3333934890799066 -0.03644675226656824 0.37262563027995266 -0.12968569737053381 -0.2832097867677242 0.5426868823424879 -0.06515029876874855 0.140625658362219 0.17287310933013142 0.4963166786025889 1.0669609498255541 -0.11143840948484324 -0.24889321085584723 -0.19348896664691626 0.10820501697047644 0.2081667742159416 0.48336696604161783 -0.09804254366265223 0.47598103522081175 0.6365543467560241 -0.17126612439248004 0.36727183529278445 0.5574116188001503 -0.1169841240636052 0.696027965359614 -0.21128015251087612 0.22795387799940936 -0.4173466784652305 0.3518560278436597 0.2521609836252057 0.02223423453180869 -0.019414430957495284 -0.1500228397654486 -0.17032927102857165 -0.09888801409629962 -0.13732959802688235 -0.3307178952241722 -0.12206030798553626 -0.1352299996270547 0.400562487681437 0.5144330440354807 -0.10736502795035503 0.051022678207632295 -0.17011743539771637 -0.2505542064107473 0.031041579257928012 0.6532618149389158 -0.07342136368171052 -0.19013134488282254 0.2905597965150938 -0.1681341346084654 -0.16672984468630714 0.31408485770431693 -0.23752058075836066 -0.038474365484596304 0.004311672243628384 -0.1253066835679888 -0.09286951892103308 -0.2636035246125773 0.3239220829731236 0.05779161151348964 0.37658904730226883 -0.31720993631585487 3.1261739920805245e-15 -3.1297624423529707e-15 1.3823606373745851e-14 5.0399655698536234e-15 -7.586394861299277e-15 -6.346085718064273e-14 1.5080870624601976e-14 4.807668098807114e-15 3.4993978178050474e-15 1.4780836193166103e-14 1.0466513736514221e-08 1.0463824652077472e-08 1.0471123561539014e-08 1.0467342231650748e-08 1.0461896328944752e-08 1.0437819588957823e-08 1.0471671818293145e-08 1.0467237587710869e-08 1.0466678287745464e-08 1.0471542966851388e-08 1.0463828869642485e-08 1.0466514304711946e-08 1.045919464984437e-08 1.0463009296436357e-08 1.0468436681668419e-08 1.0492540821905904e-08 1.045867068440602e-08 1.0463094455932143e-08 1.046366216103089e-08 1.0458791553472905e-08
y: -1.1748779726872272e-09 3.0400819639453402e-09 -1.9658408234590752e-10 -3.2042679620758463e-10 2.5073818576970552e-09 2.5397866920684464e-08 -2.1759727353298786e-10 1.2751275590972e-09 -1.7094453630406292e-10 -1.2943968119571991e-10 -1.9999999999852376 -1.9999999999852496 -1.9999999999852167 -1.9999999999852336 -1.999999999985259 -1.9999999999853681 -1.9999999999852138 -1.9999999999852343 -1.9999999999852365 -1.9999999999852145 -1.9999999999852496 -1.9999999999852376 -1.9999999999852713 -1.9999999999852536 -1.999999999985229 -1.999999999985118 -1.9999999999852731 -1.9999999999852536 -1.9999999999852505 -1.9999999999852724
pri_res: 1.67203619838574e-08
dua_res: 2.6564513988165312e-08
solve_time: 0.000172596
rho_estimate: 0.03434027544229776
rho_updates: 0
