iter: 50
status: solved
obj_val: 2.2862014367848497e-08
x: -0.5870444916113773 0.0 1.2161872754457835e-14 5.7167040197168474e-09 5.7143031642074e-09
y: -3.7335923417209193e-10 -1.9999999999849019 -1.9999999999849505
pri_res: 5.7167040197168474e-09
dua_res: 3.884574883983305e-10
solve_time: 5.3208e-05
rho_estimate: 20.526033506391347
rho_updates: 1
