iter: 25
status: solved
obj_val: -0.015053992984606617
x: -0.2123087307546066 5.985972963800424 0.6390620054806652 0.0 -0.4835240614107721 -1.6213296142102864e-09 7.399725428414648e-09 -0.001882093905335949 -0.0018801781797782846 -0.0018814043408153637 -0.0018833200663737396
y: -0.00015310040859883856 -0.0012945887179132143 -2.000005564637357 -2.000005546655441 -2.000005558173719 -2.0000055761556355
pri_res: 0.0018833200663737396
dua_res: 0.0013713700682482597
solve_time: 4.9105e-05
rho_estimate: 0.13958778693990695
rho_updates: 0
