iter: 50
status: solved
obj_val: 16.392088241616758
x: 0.5905906765152864 -0.5200497896259515 0.25275833317013086 -0.9999928673110752 -0.1872137897410957 0.3227276725692675 -0.12470350035067751 0.08659156890171921 -0.0654897415400505 0.7199384452831019 0.19121740371917303 -0.16033484185926156 0.0025716946573729658 1.3744688917313003e-05 -0.0021021431176861853 0.003128252153393887 -0.0011208746692640695 -0.00016552402617636127 -0.0006540676341616587 0.007190388054900185 0.0012896038856819434 -0.0018491426612989288 -0.0025716737270283377 7.290532510537128 0.0021021640480301824 -0.003128231223059642 0.0011208955996181457 0.0001655449565155561 0.0006540885645023508 -0.007190367124566921 -0.0012895829553304392 0.0018491635916352033
y: 0.505516665676355 -1.9999857120999707 -0.37442757912048963 0.6454553446308866 -0.2494070018598924 0.17318313872174773 -0.13097948303111784 1.4398768900277261 0.38243480788705586 -0.3206696838769223 -1.494483332872266 -3.999985734460725 -2.3744275801018304 -1.3545446539089359 -2.2494070010213254 -1.8268168622461793 -2.130979483261704 -0.5601231072604231 -1.617565192168585 -2.320669684262431 -2.5055166670982216 0.0 -1.6255724198686567 -2.6454553460615515 -1.7505929989491615 -2.1731831377243065 -1.8690205167087826 -3.439876892710064 -2.382434807801901 -1.6793303157080564
pri_res: 0.007190388054900185
dua_res: 1.4287900029330558e-05
solve_time: 5.1421e-05
rho_estimate: 1.0973607554221665
rho_updates: 0
