iter: 50
status: solved
obj_val: 2.3441455274613985e-08
x: 0.0 -0.005263516074637323 0.0 0.0 0.0 -0.009106439619140436 0.0 0.0 0.0 -0.013483264467558148 0.0 -0.007511282974320888 -0.013034396939655149 0.0 -0.007644381802926895 0.0 -0.02535600048596409 0.0 0.0 -0.00403244264358685 0.0 0.0 -0.10769783879637752 0.0 0.0 0.0 -0.00479798577517444 0.0 0.0 -0.013434864210982177 0.0 -0.004163318194268219 0.0 -0.025555826298039864 0.0 -0.00982875954039944 0.0 0.0 0.0 -0.005436062115716381 -0.004988042152323108 -0.010494241097395381 -0.0059589528085585985 0.0 -0.008391937065372519 0.0 0.0 -0.016891365981078866 0.0 -0.006360386958693706 -0.014172756965020199 -0.013225346433464815 0.0 -0.004257538869053062 -0.005187236477628407 0.0 0.0 0.0 -0.019036347248823877 -0.024059432019248816 0.0 -0.02995141500534654 0.0 -0.007667840485439407 -0.013986045731082846 0.0 -0.018652820281439098 -0.07756299833133518 -0.003974687227932775 -0.04242340935319984 0.0 0.0 -0.052488459640770146 0.0 0.0 -0.006325565219987155 -0.016656139311535624 0.0 -0.022573555986286277 0.0 -0.03803747137809781 0.0 0.0 0.0 -0.010587936540172203 -0.004156583849246027 -0.07868376879494603 0.0 -0.009321427686625094 -0.009094351185499573 0.0 0.0 -0.01079377739139653 0.0 -0.016789843762816312 -0.01076134088592621 -0.006837857945175409 0.0 -0.009125659796043363 -0.036188087089574536 3.490616475344278e-16 5.860402395496314e-09 5.860325241810679e-09
y: -5.245634249583127e-10 -1.9999999999849356 -1.9999999999849372
pri_res: 5.860402395496314e-09
dua_res: 5.39627897921946e-10
solve_time: 9.46e-05
rho_estimate: 10.653831594195838
rho_updates: 1
