iter: 50
status: solved
obj_val: 0.3008995453482776
x: 0.5465833427408584 -2.6524036987195868e-14 -0.5485430704130873 5.653764542065399e-09 5.401633887469323e-09 5.6587504725037284e-09 5.910881319325351e-09
y: 8.186270958824992e-10 -1.0970861393483067 -1.999999999984975 -3.097086140811574 -1.99999999998487 -0.9029138591582705
pri_res: 5.910881319325351e-09
dua_res: 1.4934227188234672e-09
solve_time: 5.573e-05
rho_estimate: 6.385829353866188
rho_updates: 1
