iter: 50
status: solved
obj_val: 4.1860664478735047e-08
x: -0.09186371847061903 0.0 0.0 -0.04601656455509707 0.0 4.818456643492726e-15 1.0467251527521799e-08 1.0463080711845723e-08
y: -2.264639586968542e-10 -1.9999999999852343 -1.9999999999852536
pri_res: 1.0467251527521799e-08
dua_res: 2.4122970287976386e-10
solve_time: 3.1637e-05
rho_estimate: 3.2131174538006273
rho_updates: 0
