iter: 50
status: solved
obj_val: 2.2298356423781813e-08
x: -0.0918637183955777 0.0 0.0 -0.04601656451750714 0.0 3.6717994496118555e-15 5.5749094230176476e-09 5.574268788873258e-09
y: -2.264124713588038e-10 -1.9999999999849098 -1.999999999984924
pri_res: 5.5749094230176476e-09
dua_res: 2.4150259569921673e-10
solve_time: 5.7833e-05
rho_estimate: 53.720004023047856
rho_updates: 1
