iter: 50
status: solved
obj_val: 2.0930340415962107e-07
x: 3.6752797207249865 0.16487081556652244 0.24986834514030337 0.3691932254745675 0.14088410359680878 3.9151328451697527 -0.052396716856569936 -5.174717139519378 -0.14729677039104225 -1.6225069641673593 -5.452752764019483e-15 -2.4671459104611804e-14 1.5742389448722232e-13 -4.1990399395060063e-13 1.073888922769176e-13 1.0462584002728742e-08 1.0454376298040295e-08 1.0533830575546378e-08 1.0282884441829484e-08 1.0511806700550237e-08 1.0467742973522657e-08 1.047596309572709e-08 1.0396520672008446e-08 1.0647461990306677e-08 1.041853132955055e-08
y: -3.315014929228255e-10 2.49327003487565e-10 1.6557233362135548e-10 1.7961781395570142e-08 -1.8280417179994402e-09 -1.9999999999852547 -1.9999999999852922 -1.9999999999849332 -1.9999999999860711 -1.9999999999850315 -1.9999999999852331 -1.999999999985195 -1.9999999999855542 -1.9999999999844151 -1.999999999985455
pri_res: 1.1825147083754928e-08
dua_res: 1.797736626230062e-08
solve_time: 7.0822e-05
rho_estimate: 0.044421382298479875
rho_updates: 0
