iter: 25
status: solved
obj_val: -0.07526996492317281
x: 1.7018504631070408 -2.7769482177842604 -2.399689540704765 -1.2237468028941634 -0.9123883459596819 -0.8051080910973819 0.8712403415297311 -3.5338320877938587 3.915535862867371 2.0071913967754136 -7.2485795752535735e-09 -1.5226262032922653e-08 1.6410440603585534e-08 -6.853111704919333e-09 1.5663527774121607e-08 -1.958856335820109e-09 4.2775676388805616e-09 -2.690389462696156e-08 -2.303587244539945e-09 3.6822999159937245e-08 -0.0018875806712064605 -0.0018884144666025684 -0.001874391189724043 -0.001885673697398242 -0.0018732962341889451 -0.0018801799229328693 -0.0018792100887254964 -0.001893617074427911 -0.0018823013507627058 -0.001864317557093283 -0.0018759175749450065 -0.0018750837795550501 -0.001889107056443902 -0.0018778245487637189 -0.0018902020119669438 -0.0018833183232092878 -0.0018842881574387467 -0.001869881171738641 -0.001881196895392599 -0.0018991806890714612
y: 0.0002004443068535089 0.0002768338191438957 -0.00021359468532144987 0.00024239147618221324 0.000937893837523518 0.0006890043502938425 6.478201953474816e-05 0.0003636152814472382 0.0004294742355437364 -0.0003721102782394681 -2.0000055753773553 -2.000005591409451 -2.000005529099365 -2.0000055747855168 -2.0000055307075684 -2.0000055655507336 -2.000005553079507 -2.000005614390386 -2.0000055659864437 -2.0000054890340895 -2.0000055474337213 -2.000005531401625 -2.000005593711712 -2.0000055480255603 -2.000005592103508 -2.000005557260342 -2.0000055697315693 -2.0000055084206916 -2.000005556824633 -2.000005633776987
pri_res: 0.0018991806890714612
dua_res: 0.0017368229761148867
solve_time: 7.0885e-05
rho_estimate: 0.142981079298961
rho_updates: 0
