iter: 50
status: solved
obj_val: 0.895557102615317
x: -0.3255788975575911 0.5915143743131647 0.2799474031456233 -0.21163512709782864 0.203549920546232 0.6190396722580583 -0.30161092574502 -0.1615815458983381 -0.18110337870098794 -0.3377365501621156 -0.07048779144887925 -0.1518147098723916 0.28571899676350493 0.29635155309990596 -0.22567403380233111 7.532329008328953e-09 5.129944822025607e-09 5.495651906442393e-09 5.440921204554539e-09 5.033220684522629e-09 5.730682525844303e-09 5.516252261600698e-09 6.662165928523549e-09 6.690616165186374e-09 5.32719014282996e-09 4.299875954131622e-09 6.702262149810988e-09 6.336553395545142e-09 6.391283827056654e-09 6.798986899694458e-09 6.101523020644195e-09 6.315952640061307e-09 5.1700377023672906e-09 5.14158755035067e-09 6.505013371472668e-09
y: 1.2380793430761945 -0.6032218513437089 -0.323163092057297 -0.36220675581570394 -0.6754730981280619 -0.14097558249905714 -0.3036294178353895 0.5714379933812308 0.5927031058350974 -0.451348067505373 -0.761920655468572 -2.603221851475102 -2.3231630917816823 -2.362206757386989 -2.675473100309307 -2.140975582882727 -2.3036294197297846 -1.4285620064578133 -1.4072968937850079 -2.4513480675896946 -3.2380793445013087 -1.396778148494777 -1.6768369081881975 -1.6377932425828903 -1.3245268996605715 -1.8590244170871522 -1.6963705802400948 -2.5714379935120664 -2.5927031061848727 -1.5486519323801862
pri_res: 7.532329008328953e-09
dua_res: 3.113751631848912e-09
solve_time: 5.7454e-05
rho_estimate: 1.9903799035302854
rho_updates: 1
