iter: 50
status: solved
obj_val: 1.1460246349524703
x: 2.5678149534778405 -0.31146528450176275 0.24977116364482319 0.39676989410713565 -0.5802384440042444 -0.701801434215236 -1.3304260087290754e-07 1.1781475632109071e-07 1.835084413378637e-07 -2.531841973084657e-07 -3.075121945057583e-07 1.4539034139400656e-07 -1.0546701387650421e-07 -1.711607011716554e-07 2.65531935256103e-07 3.198599338527012e-07
y: -0.6229305681646349 0.4995423266168825 0.7935397906402283 -1.16047688405607 -1.4036028665400628 -2.622930568988814 -1.500457672695045 -1.2064602117702627 -3.1604768879940623 -3.403602868416176 -1.3770694309811 -2.4995423272748685 -2.7935397881996513 -0.8395231119758519 -0.596397131553738
pri_res: 3.198599338527012e-07
dua_res: 3.968078088334437e-09
solve_time: 4.0115e-05
rho_estimate: 5.761106394710198
rho_updates: 1
