iter: 50
status: solved
obj_val: 2.1437307187055008e-08
x: 0.0 0.0 0.0008591696415868033 0.0 0.0003710989636647518 0.0 0.00042017207270485474 0.0006047096045139916 0.0 0.0012586888384771946 -2.1549755334679254e-17 5.359325294584347e-09 5.3593282989431575e-09
y: 3.3611282754542947e-12 -1.9999999999849023 -1.9999999999849023
pri_res: 5.3593282989431575e-09
dua_res: 1.8458790052022778e-11
solve_time: 5.7008e-05
rho_estimate: 37199.72053710327
rho_updates: 1
