iter: 25
status: solved
obj_val: -0.015053992984624653
x: 0.08711449989506627 -0.450632167042529 0.2757349956350103 0.0 0.4901004083160614 0.453504099327198 1.3233586055015367 0.0 0.5036896127408078 0.42778750078844857 2.4056860669205156e-09 -1.9038677624720945e-09 -0.0018812389354854564 -0.001882153375940428 -0.001882259310674367 -0.0018813448702120791
y: -0.0014075458769795546 0.00010535215566565004 -2.000005556610186 -2.000005565200572 -2.0000055662008904 -2.0000055576105042
pri_res: 0.001882259310674367
dua_res: 0.0014131120778699824
solve_time: 5.9515e-05
rho_estimate: 0.13397315160669712
rho_updates: 0
