iter: 75
status: solved
obj_val: 0.17830760584458194
x: 0.0 -1.5509788534899647 -0.31273228187396407 0.28373601413765515 1.40745879958151e-09 -1.2770174067430612e-09 -1.407518348964027e-09 1.276957858642896e-09
y: -0.625464563787174 0.5674720282367337 -2.625464563749545 -1.4325279717232229 -1.3745354362504558 -2.567472028276778
pri_res: 1.407518348964027e-09
dua_res: 6.579278834307977e-11
solve_time: 6.8299e-05
rho_estimate: 353.4972180600491
rho_updates: 1
