iter: 50
status: solved
obj_val: 8.372131042395947e-08
x: 0.01600442422913133 0.020069168314855952 0.0 0.0 0.005521357560267358 0.0 -0.2925743620522721 0.0 0.010308536527441731 -0.056135066765161126 0.011850547287346512 -0.022661438546393454 0.004663638609054376 -0.03376137743725639 0.007839975071501323 -0.018673255905037985 -0.02153643087447798 -0.02267098327904539 0.006378161419516821 0.010712905858772374 0.006278408366992834 -0.014816224462893093 0.02372515238587896 -0.015735265366453973 0.0 -0.029599412523906594 0.013543242394990218 0.0 0.010016990186720708 0.0 0.0 0.0 0.0 0.007351538173001297 -0.03033909144044531 0.0 -0.026949079073539762 -0.002987319658307838 -0.0016813785306603992 0.00597456017196904 -0.01802115943860817 -0.05074920771204468 -0.02782374004024943 0.01898077571105065 0.015329329463275957 -0.022598053574132162 0.006240376293616393 0.0 -0.038765905826161 -0.053221825535396436 0.0 0.0 -0.2611368415513268 0.0 -0.010841129395971039 -0.01943092906253842 -0.03340397421870653 0.014503175316746279 -0.24657009234670255 -0.02652779340007579 0.0 -0.024150027410381344 0.006319605348516089 0.023570237274561787 0.005689005027531633 0.0 0.0 -0.055586123672298066 -0.03960466018899236 0.0 0.0 0.006752767579162676 -0.07108609491691731 0.0 -0.18564775144008921 0.005511826039008146 0.0 0.007965802906369624 0.005158774222570263 0.007116116441373225 -0.038454123625470724 0.012253263998908082 -0.04952575793590401 -0.022868470470426446 -0.023782796516527063 -0.01386779613048794 -0.0485564646691266 0.00921097739750082 0.010304091486456106 0.0 -0.12200567092538493 0.00504557034588568 -0.023558822756898842 -0.02436971369479845 -0.02286701633214239 0.0 0.0246287798140486 0.0 0.00825125893621716 -0.03803919932721468 2.485506990624895e-15 -5.051865838769705e-16 1.0466229541777438e-08 1.0464945963753459e-08 1.0464096633290754e-08 1.0465383073158083e-08
y: -2.016411926319961e-09 -3.1762215080277656e-10 -1.9999999999852387 -1.9999999999852454 -1.9999999999852491 -1.999999999985242
pri_res: 1.0466229541777438e-08
dua_res: 2.2098583935765517e-09
solve_time: 7.0773e-05
rho_estimate: 0.3472238960168803
rho_updates: 0
