iter: 50
status: solved
obj_val: 2.0930330090161197e-07
x: -0.07303493980174515 -0.12811198238850982 0.005026698254259969 -0.07372134738945271 -0.06212003120671152 -0.03867518952932566 -0.03415404175269119 -0.07932223941894843 -0.029987202364537172 -0.05565812121594986 -0.06419622963655824 -0.05799929791258816 -0.05896189492266127 -0.0034359237439828294 -0.03059195803780929 -0.04623384893567354 -0.002455265540892551 -0.06259039619277909 -0.05345903468073695 -0.023053588786585713 -0.06861873218179936 -0.056694551131672474 -0.018960299473078368 -0.0027441873234976934 -0.10188192135709434 0.022992972877753842 -0.03704228266146759 -0.03722208190695521 -0.01214467705440976 -0.06083890983675806 -0.053420442811822955 0.0019759063387338872 -0.04638980048577631 -0.05410332008801597 0.0 -0.0817648271850955 0.0 -0.06051332336282705 -0.0031786013651686107 -0.052183552320586454 -0.05585923631584549 -0.06830233893356276 -0.013798889807294481 -0.1132720044317655 -0.30213341076036454 0.0005827503865870027 -0.0572813435976432 -0.021133217147674757 -0.13912892479723715 -0.07285433896661112 -0.05354120038026287 -0.08881935375904633 -0.019418181255183062 -0.043006809857173374 -0.06935921626335537 -0.029736091350041172 -0.03480977290719551 -0.048962446424047554 -0.005362087247200083 0.025459713022482903 -0.08417649256580109 0.009408375176345468 -0.029042154717377776 -0.04620050329159354 -0.035501253259726875 -0.03476296846567793 -0.04190794293405841 -0.03779984092760913 -0.04718870662292133 -0.026249222107362347 -0.059538628402214036 0.0026037545856591694 -0.0022047206043730406 0.00500555368545315 -0.026172045103299887 -0.041214237535842725 -0.015016917672364632 -0.03226748948104779 -0.025755351005958122 -0.00824715260914111 0.007217612404441157 -0.032435161612502456 -0.0003791358358150581 -0.12151082253625421 -0.05839592121773583 -0.005800874339239811 -1.402385499741979 -0.014500249649371263 -0.09950464461235024 -0.07795302155959444 -0.03135761598559542 -0.007235290382090857 0.012538992712666666 -0.0334954538470046 -0.02651671731515119 -0.03261063336186771 -0.03994909057088158 -0.07085061383223981 0.0 -0.04243253314973967 2.452183612506939e-15 2.726616651153643e-15 4.536019022268822e-15 -4.582357755980939e-16 2.474321159615532e-16 1.0466215620391078e-08 1.0466340265088189e-08 1.046710737463789e-08 1.0464967575820683e-08 1.0465267308584818e-08 1.0464116939094125e-08 1.046399905930455e-08 1.0463208645714488e-08 1.0465367912932955e-08 1.046505974923719e-08
y: -3.896861500152227e-09 -3.2631746194056177e-09 -4.0989149852066475e-09 -2.0400285904997872e-09 -1.690645845542349e-09 -1.9999999999852387 -1.9999999999852378 -1.9999999999852351 -1.9999999999852451 -1.999999999985244 -1.9999999999852485 -1.9999999999852494 -1.9999999999852527 -1.9999999999852431 -1.999999999985245
pri_res: 1.046710737463789e-08
dua_res: 1.0349675726175147e-08
solve_time: 0.000131251
rho_estimate: 0.10550735827105398
rho_updates: 0
