0.0 0.0 0.0 0.0 0.0 0.0 0.0 0.0 0.0 0.0
-0.77516162 0.0 0.0 0.0 0.0 0.0 0.0 0.0 0.0 0.0
0.0 0.0 0.0 0.0 0.0 0.0 0.0 0.0 1.62765075 1.96710175
0.0 0.0 0.0 0.0 0.0 0.0 0.0 0.0 0.0 0.0
-1.19926803 0.0 0.0 0.0 0.0 0.0 0.0 0.0 0.0 0.0
0.0 0.0 0.0 0.0 0.0 0.0 0.0 1.27375593 0.0 0.0
0.0 0.0 0.3380117 0.0 0.0 0.0 0.0 0.0 0.0 0.0
0.5505375 0.0 0.0 -0.02461696 0.0 0.0 0.73568199 0.0 -0.1809203 -0.60392063
0.0 0.0 0.0 0.0 0.0 1.23616403 -1.85798186 0.0 0.0 0.0
0.0 0.0 0.0 0.0 0.0 0.0 0.0 0.86334532 0.0 -1.23005814
0.02168272 -0.01375977 0.15047624 0.0 0.10973633 0.0 0.0 0.0 0.0 0.0
-0.01375977 0.49480144 -1.08965975 0.0 -0.12924617 0.0 0.90200329 0.0 0.0 0.0
0.15047624 -1.08965975 3.86968461 0.26587726 1.41343077 0.0 -1.75634562 0.0 0.0 0.0
0.0 0.0 0.26587726 1.41888066 0.0 0.0 -1.21703952 0.0 0.0 -0.7175841
0.10973633 -0.12924617 1.41343077 0.0 1.04075879 0.0 0.0 0.0 0.0 0.0
0.0 0.0 0.0 0.0 0.0 0.9922619 0.0 0.0 0.0 1.906693
0.0 0.90200329 -1.75634562 -1.21703952 0.0 0.0 3.35467969 0.0 0.0 0.94833924
0.0 0.0 0.0 0.0 0.0 0.0 0.0 4.96282837 0.0 0.0
0.0 0.0 0.0 0.0 0.0 0.0 0.0 0.0 0.01 0.0
0.0 0.0 0.0 -0.7175841 0.0 1.906693 0.94833924 0.0 0.0 4.27028373
1.25598233 0.496726354 0.329275803 -0.00118990846 -0.307292625 -0.183536999 -0.552975151 -0.155712804 0.572392274 0.759955476
0.90781585 0.31741862 2.90433083 0.23436209 -0.33400957 0.81941691 1.12613701 0.27364906 1.31981442 -0.36932556
