iter: 25
status: solved
obj_val: -0.03763498246160598
x: -1.3764280960310937 -7.334563184748957 -2.130550178662024 2.5319618206640806 36.94391172574252 4.023204923191523e-09 -1.911741941003492e-08 1.2933111336969049e-08 5.5286963346649003e-08 -3.599595418819905e-08 -0.0018808354229125298 -0.0018857057186891244 -0.001876751812833481 -0.0018715899207233395 -0.0018978750812744848 -0.0018826628232584655 -0.0018777925274665941 -0.0018867464333193799 -0.0018919083254383578 -0.001865623164889685
y: -0.0002729396632901171 0.00149556321980171 -0.0007515741581007873 -0.00039272676581525445 2.867680257184757e-05 -2.0000055533906167 -2.000005599526703 -2.000005535852804 -2.0000054510218006 -2.0000056323100597 -2.0000055694204604 -2.000005523284373 -2.000005586958273 -2.000005671789277 -2.0000054905010165
pri_res: 0.0018978750812744848
dua_res: 0.0015011627465049138
solve_time: 3.2293e-05
rho_estimate: 0.12662513137044368
rho_updates: 0
