iter: 50
status: solved
obj_val: 0.09356149971274204
x: 0.0 0.30587820682505473 5.715417042062903e-09 5.435698501863162e-09
y: 0.6117564128263239 -1.3882435863344307 -2.611756413635404
pri_res: 5.715417042062903e-09
dua_res: 8.392455619343764e-10
solve_time: 5.9402e-05
rho_estimate: 15.230136676452245
rho_updates: 1
