iter: 75
status: solved
obj_val: 0.09305607651968867
x: 0.0 0.3050509408604947 0.0004134262690846428 -0.0004134262691768347
y: 0.6101018818037875 -1.3898981181548913 -2.61010188184511
pri_res: 0.0004134262691768347
dua_res: 8.279806261725579e-11
solve_time: 3.6145e-05
rho_estimate: 571.5795261761849
rho_updates: 0
